#Parameters used to calculate p_value for each oligo positionally ranked
#Position	Rank	Oligo	K	N1	N2	T	P_VALUE	P_VALUE_LOG10
1	1	TTTTAA	1	1	749	50	1e-300	300
1	2	TTTCAT	1	1	749	50	1e-300	300
1	3	TTGCTC	1	1	749	50	1e-300	300
1	4	TGGAAA	1	1	749	50	1e-300	300
1	5	TGCCGG	1	1	749	50	1e-300	300
1	6	TGCCAA	1	3	747	50	0.0125244	1.90224
1	7	TCTTTC	1	3	747	50	0.0125244	1.90224
1	8	TCCAGG	1	1	749	50	1e-300	300
1	9	TATATA	1	2	748	50	0.00436137	2.36038
1	10	TACCCA	1	1	749	50	1e-300	300
2	1	TTTAAG	1	1	749	50	1e-300	300
2	2	TTGTAG	1	1	749	50	1e-300	300
2	3	TTCATT	1	2	748	50	0.00436137	2.36038
2	4	TTACAG	1	1	749	50	1e-300	300
2	5	TGTTAG	1	1	749	50	1e-300	300
2	6	TGTCCT	1	1	749	50	1e-300	300
2	7	TGGGCT	1	2	748	50	0.00436137	2.36038
2	8	TGCTCT	1	2	748	50	0.00436137	2.36038
2	9	TGAGCT	1	1	749	50	1e-300	300
2	10	TAGGTA	1	1	749	50	1e-300	300
3	1	TTTTGT	1	1	749	50	1e-300	300
3	2	TTTCTC	1	1	749	50	1e-300	300
3	3	TTGCAA	1	2	748	50	0.00436137	2.36038
3	4	TTAAGC	1	1	749	50	1e-300	300
3	5	TGTAGT	1	1	749	50	1e-300	300
3	6	TGCCAG	1	2	748	50	0.00436137	2.36038
3	7	TCATTC	1	2	748	50	0.00436137	2.36038
3	8	TATAGC	1	1	749	50	1e-300	300
3	9	TACGGG	1	1	749	50	1e-300	300
3	10	TACAGG	1	1	749	50	1e-300	300
4	1	TGATCC	2	3	747	50	0.000279874	3.55304
4	2	TTTTGA	1	1	749	50	1e-300	300
4	3	TTTGTA	1	1	749	50	1e-300	300
4	4	TTGTCC	1	2	748	50	0.00436137	2.36038
4	5	TTCTCT	1	2	748	50	0.00436137	2.36038
4	6	TTCCCC	1	1	749	50	1e-300	300
4	7	TTAGAT	1	1	749	50	1e-300	300
4	8	TGGATC	1	1	749	50	1e-300	300
4	9	TGCTGA	1	1	749	50	1e-300	300
4	10	TGCTCA	1	1	749	50	1e-300	300
5	1	GAGCCA	2	2	748	50	1e-300	300
5	2	TGGACA	2	2	748	50	1e-300	300
5	3	TTTGAT	1	3	747	50	0.0125244	1.90224
5	4	TTGTAC	1	1	749	50	1e-300	300
5	5	TCTTGT	1	2	748	50	0.00436137	2.36038
5	6	TCTTAT	1	2	748	50	0.00436137	2.36038
5	7	TCTCTT	1	1	749	50	1e-300	300
5	8	TCCCCT	1	2	748	50	0.00436137	2.36038
5	9	TAGTAT	1	1	749	50	1e-300	300
5	10	TAGCCA	1	1	749	50	1e-300	300
6	1	AGCCAG	2	2	748	50	1e-300	300
6	2	AGCCAA	2	3	747	50	0.000279874	3.55304
6	3	TTGATT	1	1	749	50	1e-300	300
6	4	TTCCAA	1	1	749	50	1e-300	300
6	5	TTCATT	1	2	748	50	0.00436137	2.36038
6	6	TGTACT	1	1	749	50	1e-300	300
6	7	TGCCAG	1	2	748	50	0.00436137	2.36038
6	8	TGCCAA	1	3	747	50	0.0125244	1.90224
6	9	TATCAA	1	1	749	50	1e-300	300
6	10	GTCCAA	1	1	749	50	1e-300	300
7	1	GCCAGT	2	3	747	50	0.000279874	3.55304
7	2	ATCAAT	2	3	747	50	0.000279874	3.55304
7	3	TTGTTG	1	4	746	50	0.0239821	1.62011
7	4	TTATTG	1	1	749	50	1e-300	300
7	5	TGGGTT	1	2	748	50	0.00436137	2.36038
7	6	TGATTC	1	1	749	50	1e-300	300
7	7	TGAGAG	1	1	749	50	1e-300	300
7	8	TGAAAG	1	1	749	50	1e-300	300
7	9	TCTTTA	1	1	749	50	1e-300	300
7	10	TCCCAC	1	1	749	50	1e-300	300
8	1	TCAATG	2	3	747	50	0.000279874	3.55304
8	2	TACTGG	2	2	748	50	1e-300	300
8	3	CCAGTG	2	2	748	50	1e-300	300
8	4	AATTTC	2	2	748	50	1e-300	300
8	5	TGTTGC	1	2	748	50	0.00436137	2.36038
8	6	TCTATC	1	1	749	50	1e-300	300
8	7	TATTGT	1	1	749	50	1e-300	300
8	8	TATAGT	1	1	749	50	1e-300	300
8	9	TATAGG	1	1	749	50	1e-300	300
8	10	GGTGGG	1	2	748	50	0.00436137	2.36038
9	1	AAATTG	2	3	747	50	0.000279874	3.55304
9	2	TTTAGA	1	1	749	50	1e-300	300
9	3	TAATCA	1	1	749	50	1e-300	300
9	4	GTTGCC	1	1	749	50	1e-300	300
9	5	GTGGGC	1	1	749	50	1e-300	300
9	6	GGTTGT	1	2	748	50	0.00436137	2.36038
9	7	GAATGT	1	2	748	50	0.00436137	2.36038
9	8	CTATCA	1	1	749	50	1e-300	300
9	9	CTAAAA	1	1	749	50	1e-300	300
9	10	CGATGC	1	1	749	50	1e-300	300
10	1	AATTGG	2	3	747	50	0.000279874	3.55304
10	2	AAGAGG	2	2	748	50	1e-300	300
10	3	TTTGGC	1	2	748	50	0.00436137	2.36038
10	4	TTTGAT	1	3	747	50	0.0125244	1.90224
10	5	TTTCCT	1	3	747	50	0.0125244	1.90224
10	6	TTGTTA	1	1	749	50	1e-300	300
10	7	TTGCTA	1	1	749	50	1e-300	300
10	8	TTGCCC	1	1	749	50	1e-300	300
10	9	TTCTTA	1	1	749	50	1e-300	300
10	10	TTCCCA	1	1	749	50	1e-300	300
11	1	ATTGGC	2	3	747	50	0.000279874	3.55304
11	2	AGAGGA	2	2	748	50	1e-300	300
11	3	TTGTTG	1	4	746	50	0.0239821	1.62011
11	4	TTGGCG	1	1	749	50	1e-300	300
11	5	TTGATC	1	3	747	50	0.0125244	1.90224
11	6	TTCCTA	1	1	749	50	1e-300	300
11	7	TGTTAA	1	3	747	50	0.0125244	1.90224
11	8	TGGCCT	1	1	749	50	1e-300	300
11	9	TGGATT	1	1	749	50	1e-300	300
11	10	TGGATG	1	2	748	50	0.00436137	2.36038
12	1	GAGGAA	2	2	748	50	1e-300	300
12	2	TTGGCT	1	3	747	50	0.0125244	1.90224
12	3	TTGGCA	1	3	747	50	0.0125244	1.90224
12	4	TTCTCT	1	2	748	50	0.00436137	2.36038
12	5	TTAAGA	1	2	748	50	0.00436137	2.36038
12	6	TTAACA	1	3	747	50	0.0125244	1.90224
12	7	TGTTGG	1	2	748	50	0.00436137	2.36038
12	8	TGTGAA	1	1	749	50	1e-300	300
12	9	TGTAAT	1	1	749	50	1e-300	300
12	10	TGGCGG	1	1	749	50	1e-300	300
13	1	TTTGAA	1	1	749	50	1e-300	300
13	2	TTAACA	1	3	747	50	0.0125244	1.90224
13	3	TTAAAC	1	1	749	50	1e-300	300
13	4	TGGCTT	1	2	748	50	0.00436137	2.36038
13	5	TGGCAC	1	1	749	50	1e-300	300
13	6	TCTCTG	1	1	749	50	1e-300	300
13	7	TAAGAG	1	1	749	50	1e-300	300
13	8	TAACAG	1	2	748	50	0.00436137	2.36038
13	9	GTTGGG	1	1	749	50	1e-300	300
13	10	GTTAAC	1	2	748	50	0.00436137	2.36038
14	1	TTGGGG	1	1	749	50	1e-300	300
14	2	TTGAAG	1	1	749	50	1e-300	300
14	3	TTATTT	1	3	747	50	0.0125244	1.90224
14	4	TTAACC	1	2	748	50	0.00436137	2.36038
14	5	TGGGTG	1	1	749	50	1e-300	300
14	6	TGAGGA	1	2	748	50	0.00436137	2.36038
14	7	TGAATA	1	1	749	50	1e-300	300
14	8	TACCTT	1	1	749	50	1e-300	300
14	9	TACCTC	1	1	749	50	1e-300	300
14	10	TAATAT	1	1	749	50	1e-300	300
15	1	AAGTTT	2	2	748	50	1e-300	300
15	2	TTGATC	1	3	747	50	0.0125244	1.90224
15	3	TTCTTC	1	1	749	50	1e-300	300
15	4	TTCCTG	1	2	748	50	0.00436137	2.36038
15	5	TGTGCC	1	1	749	50	1e-300	300
15	6	TGTAAA	1	1	749	50	1e-300	300
15	7	TGGGGT	1	1	749	50	1e-300	300
15	8	TGGGGC	1	2	748	50	0.00436137	2.36038
15	9	TGGAAT	1	2	748	50	0.00436137	2.36038
15	10	TGAAGT	1	1	749	50	1e-300	300
